p0l12 = -0.047
p0l23 = -0.048
p0l30 = -0.049205
p0x = -0.012911
p0y = 0.020703
p0z0max = -0.050565
p0z0min = -0.050782
p0z1max = -0.045713
p0z1min = -0.045873
p0z2max = -0.046670
p0z2min = -0.046844
p0z3max = -0.047597
p0z3min = -0.047845
p1l12 = -0.0465
p1l23 = -0.0475
p1l30 = -0.049096
p1x = -0.013383
p1y = -0.020784
p1z0max = -0.050486
p1z0min = -0.050760
p1z1max = -0.045522
p1z1min = -0.045814
p1z2max = -0.046438
p1z2min = -0.046794
p1z3max = -0.047421
p1z3min = -0.047705
p2l12 = -0.0465
p2l23 = -0.0476
p2l30 = -0.049152
p2x = 0.027721
p2y = -0.020556
p2z0max = -0.050446
p2z0min = -0.050769
p2z1max = -0.045729
p2z1min = -0.045893
p2z2max = -0.046681
p2z2min = -0.046831
p2z3max = -0.047510
p2z3min = -0.047858
p3l12 = -0.0465
p3l23 = -0.0475
p3l30 = -0.049014
p3x = 0.027986
p3y = 0.020677
p3z0max = -0.050390
p3z0min = -0.050588
p3z1max = -0.045503
p3z1min = -0.045680
p3z2max = -0.046465
p3z2min = -0.046694
p3z3max = -0.047471
p3z3min = -0.047639
