p0l12 = -0.044143
p0l23 = -0.045077
p0l30 = -0.047215
p0x = -0.012835
p0y = 0.020501
p0z0max = -0.048488
p0z0min = -0.048777
p0z1max = -0.043519
p0z1min = -0.043852
p0z2max = -0.044435
p0z2min = -0.044795
p0z3max = -0.045359
p0z3min = -0.045942
p1l12 = -0.044358
p1l23 = -0.045314
p1l30 = -0.047305
p1x = -0.012416
p1y = -0.020623
p1z0max = -0.048627
p1z0min = -0.048975
p1z1max = -0.043702
p1z1min = -0.044099
p1z2max = -0.044617
p1z2min = -0.044911
p1z3max = -0.045717
p1z3min = -0.045984
p2l12 = -0.043902
p2l23 = -0.044918
p2l30 = -0.046973
p2x = 0.028223
p2y = -0.020054
p2z0max = -0.048292
p2z0min = -0.048465
p2z1max = -0.043352
p2z1min = -0.043633
p2z2max = -0.044172
p2z2min = -0.044575
p2z3max = -0.045260
p2z3min = -0.045653
p3l12 = -0.043805
p3l23 = -0.044796
p3l30 = -0.046744
p3x = 0.027890
p3y = 0.020928
p3z0max = -0.048004
p3z0min = -0.048317
p3z1max = -0.043174
p3z1min = -0.043441
p3z2max = -0.044169
p3z2min = -0.044513
p3z3max = -0.045079
p3z3min = -0.045484
