p0l12 = -0.056149
p0l23 = -0.057013
p0l30 = -0.058654
p0x = -0.013369
p0y = 0.022991
p0z0max = -0.059702
p0z0min = -0.060473
p0z1max = -0.055431
p0z1min = -0.055947
p0z2max = -0.056351
p0z2min = -0.056682
p0z3max = -0.057345
p0z3min = -0.057605
p1l12 = -0.057047
p1l23 = -0.057949
p1l30 = -0.059759
p1x = -0.013329
p1y = -0.018725
p1z0max = -0.060935
p1z0min = -0.061273
p1z1max = -0.056554
p1z1min = -0.056758
p1z2max = -0.057335
p1z2min = -0.057653
p1z3max = -0.058245
p1z3min = -0.058584
p2l12 = -0.057100
p2l23 = -0.057875
p2l30 = -0.059669
p2x = 0.028142
p2y = -0.017237
p2z0max = -0.060769
p2z0min = -0.061464
p2z1max = -0.056271
p2z1min = -0.056989
p2z2max = -0.057212
p2z2min = -0.057579
p2z3max = -0.058171
p2z3min = -0.058570
p3l12 = -0.055558
p3l23 = -0.056323
p3l30 = -0.058038
p3x = 0.028402
p3y = 0.024564
p3z0max = -0.058856
p3z0min = -0.060430
p3z1max = -0.054698
p3z1min = -0.055571
p3z2max = -0.055546
p3z2min = -0.056180
p3z3max = -0.056466
p3z3min = -0.057220
