p0l12 = -0.0568
p0l23 = -0.0574
p0l30 = -0.058813
p0x = -0.013409
p0y = 0.022578
p0z0max = -0.060048
p0z0min = -0.060335
p0z1max = -0.055538
p0z1min = -0.055845
p0z2max = -0.056607
p0z2min = -0.056809
p0z3max = -0.057445
p0z3min = -0.057578
p1l12 = -0.0576
p1l23 = -0.0584
p1l30 = -0.059600
p1x = -0.013395
p1y = -0.019076
p1z0max = -0.060718
p1z0min = -0.061264
p1z1max = -0.056341
p1z1min = -0.056648
p1z2max = -0.057209
p1z2min = -0.057629
p1z3max = -0.057994
p1z3min = -0.058482
p2l12 = -0.0578
p2l23 = -0.0588
p2l30 = -0.059702
p2x = 0.027789
p2y = -0.017913
p2z0max = -0.060950
p2z0min = -0.061045
p2z1max = -0.056489
p2z1min = -0.056698
p2z2max = -0.057348
p2z2min = -0.057531
p2z3max = -0.058251
p2z3min = -0.058453
p3l12 = -0.0562
p3l23 = -0.0573
p3l30 = -0.058395
p3x = 0.027940
p3y = 0.024445
p3z0max = -0.059472
p3z0min = -0.060002
p3z1max = -0.054918
p3z1min = -0.055491
p3z2max = -0.056007
p3z2min = -0.056279
p3z3max = -0.056785
p3z3min = -0.057318
