p0l12 = -0.0460
p0l23 = -0.0470
p0l30 = -0.048633
p0x = -0.012949
p0y = 0.020670
p0z0max = -0.049953
p0z0min = -0.050241
p0z1max = -0.045108
p0z1min = -0.045342
p0z2max = -0.045977
p0z2min = -0.046408
p0z3max = -0.047055
p0z3min = -0.047313
p1l12 = -0.0463
p1l23 = -0.0475
p1l30 = -0.048760
p1x = -0.012501
p1y = -0.020756
p1z0max = -0.050059
p1z0min = -0.050492
p1z1max = -0.045159
p1z1min = -0.045500
p1z2max = -0.046262
p1z2min = -0.046504
p1z3max = -0.047217
p1z3min = -0.047461
p2l12 = -0.0460
p2l23 = -0.0471
p2l30 = -0.048273
p2x = 0.028526
p2y = -0.020267
p2z0max = -0.049576
p2z0min = -0.049869
p2z1max = -0.044727
p2z1min = -0.044958
p2z2max = -0.045401
p2z2min = -0.046029
p2z3max = -0.046477
p2z3min = -0.046970
p3l12 = -0.0460
p3l23 = -0.0470
p3l30 = -0.048097
p3x = 0.028100
p3y = 0.021134
p3z0max = -0.049431
p3z0min = -0.049785
p3z1max = -0.044463
p3z1min = -0.044939
p3z2max = -0.045474
p3z2min = -0.045860
p3z3max = -0.046384
p3z3min = -0.046763
