p0l12 = -0.046174
p0l23 = -0.047158
p0l30 = -0.049126
p0x = -0.012978
p0y = 0.020758
p0z0max = -0.050450
p0z0min = -0.050690
p0z1max = -0.045542
p0z1min = -0.045802
p0z2max = -0.046547
p0z2min = -0.046814
p0z3max = -0.047502
p0z3min = -0.047803
p1l12 = -0.046207
p1l23 = -0.047123
p1l30 = -0.049110
p1x = -0.013537
p1y = -0.020394
p1z0max = -0.050389
p1z0min = -0.050902
p1z1max = -0.045579
p1z1min = -0.045903
p1z2max = -0.046512
p1z2min = -0.046846
p1z3max = -0.047400
p1z3min = -0.047832
p2l12 = -0.046258
p2l23 = -0.047242
p2l30 = -0.049249
p2x = 0.027365
p2y = -0.020751
p2z0max = -0.050640
p2z0min = -0.050883
p2z1max = -0.045643
p2z1min = -0.045879
p2z2max = -0.046988
p2z2min = -0.046862
p2z3max = -0.047622
p2z3min = -0.047859
p3l12 = -0.046056
p3l23 = -0.047091
p3l30 = -0.049008
p3x = 0.027791
p3y = 0.020760
p3z0max = -0.050305
p3z0min = -0.050696
p3z1max = -0.045479
p3z1min = -0.045747
p3z2max = -0.046365
p3z2min = -0.046701
p3z3max = -0.047481
p3z3min = -0.047711
