p0l12 = -0.050941
p0l23 = -0.051754
p0l30 = -0.053799
p0x = -0.013479
p0y = 0.022468
p0z0max = -0.055074
p0z0min = -0.055467
p0z1max = -0.050286
p0z1min = -0.050612
p0z2max = -0.051271
p0z2min = -0.051540
p0z3max = -0.051967
p0z3min = -0.052524
p1l12 = -0.051903
p1l23 = -0.052792
p1l30 = -0.054801
p1x = -0.013273
p1y = -0.018191
p1z0max = -0.055942
p1z0min = -0.056547
p1z1max = -0.051244
p1z1min = -0.051731
p1z2max = -0.052075
p1z2min = -0.052543
p1z3max = -0.053040
p1z3min = -0.053659
p2l12 = -0.052212
p2l23 = -0.053256
p2l30 = -0.054853
p2x = 0.027639
p2y = -0.017081
p2z0max = -0.056081
p2z0min = -0.056879
p2z1max = -0.051254
p2z1min = -0.051854
p2z2max = -0.052171
p2z2min = -0.052834
p2z3max = -0.053078
p2z3min = -0.053626
p3l12 = -0.050542
p3l23 = -0.051605
p3l30 = -0.053416
p3x = 0.027512
p3y = 0.023878
p3z0max = -0.054564
p3z0min = -0.055338
p3z1max = -0.049819
p3z1min = -0.050467
p3z2max = -0.050618
p3z2min = -0.051144
p3z3max = -0.051467
p3z3min = -0.052267
